{
 "cells": [
  {
   "cell_type": "code",
   "execution_count": 2,
   "metadata": {
    "collapsed": true
   },
   "outputs": [],
   "source": [
    "import pandas as pd\n",
    "import seaborn as sb\n",
    "import matplotlib.pyplot as plt"
   ]
  },
  {
   "cell_type": "markdown",
   "source": [
    "# Visualize T5"
   ],
   "metadata": {
    "collapsed": false
   }
  },
  {
   "cell_type": "code",
   "execution_count": 3,
   "outputs": [
    {
     "data": {
      "text/plain": "    run_id  rouge_1_precision  rouge_1_recall  rouge_1_fmeasure  \\\n0        0           0.241188        0.222625          0.211505   \n1        1           0.248789        0.232814          0.220933   \n2        2           0.245563        0.229097          0.217467   \n3        3           0.236997        0.221463          0.209818   \n4        4           0.235591        0.226575          0.212899   \n5        0           0.236490        0.241900          0.220055   \n6        1           0.232741        0.234307          0.215534   \n7        2           0.236015        0.240379          0.219621   \n8        3           0.233789        0.239385          0.219248   \n9        4           0.228830        0.239781          0.216145   \n10       0           0.238934        0.276884          0.238251   \n11       1           0.232939        0.272167          0.233521   \n12       2           0.237121        0.277563          0.238438   \n13       3           0.228650        0.265489          0.228651   \n14       4           0.234084        0.265015          0.230699   \n15       0           0.276930        0.410621          0.306696   \n16       1           0.277748        0.403402          0.305461   \n17       2           0.280048        0.412360          0.308453   \n18       3           0.280692        0.411945          0.310871   \n19       4           0.280411        0.413258          0.310904   \n20       0           0.246259        0.286924          0.246735   \n21       1           0.254101        0.295902          0.254687   \n22       2           0.251934        0.292268          0.251630   \n23       3           0.247903        0.281153          0.244987   \n24       4           0.253728        0.289305          0.252765   \n25       0           0.235720        0.319267          0.253861   \n26       1           0.223928        0.309401          0.242074   \n27       2           0.227933        0.313569          0.246681   \n28       3           0.230938        0.315265          0.249775   \n29       4           0.233539        0.321322          0.252998   \n30       0           0.213259        0.333078          0.244458   \n31       1           0.209140        0.325649          0.239136   \n32       2           0.215811        0.333980          0.245912   \n33       3           0.219396        0.339586          0.250128   \n34       4           0.222453        0.340189          0.252077   \n35       0           0.178518        0.332754          0.218909   \n36       1           0.173666        0.326056          0.213719   \n37       2           0.176983        0.331910          0.216641   \n38       3           0.170631        0.316088          0.209103   \n39       4           0.175261        0.330738          0.216730   \n\n    rouge_2_precision  rouge_2_recall  rouge_2_fmeasure  rouge_L_precision  \\\n0            0.083463        0.065321          0.065947           0.221538   \n1            0.082743        0.067984          0.067101           0.226834   \n2            0.086155        0.071148          0.070629           0.225602   \n3            0.079218        0.064405          0.063896           0.218351   \n4            0.077302        0.067387          0.065053           0.217558   \n5            0.079688        0.072868          0.068382           0.216344   \n6            0.084673        0.075519          0.072397           0.216366   \n7            0.083151        0.073539          0.070907           0.217596   \n8            0.080178        0.075549          0.071445           0.215973   \n9            0.078796        0.075109          0.069845           0.211244   \n10           0.084303        0.087646          0.078825           0.216557   \n11           0.082469        0.090638          0.079174           0.212997   \n12           0.077050        0.085477          0.074753           0.213976   \n13           0.078075        0.083331          0.074227           0.206013   \n14           0.081794        0.083686          0.075981           0.212975   \n15           0.094998        0.137898          0.101572           0.234455   \n16           0.094185        0.133566          0.101137           0.235159   \n17           0.096242        0.138824          0.102850           0.238271   \n18           0.098894        0.143197          0.107025           0.239358   \n19           0.097217        0.139527          0.104962           0.238311   \n20           0.072565        0.082814          0.070736           0.218836   \n21           0.082783        0.089288          0.078749           0.224594   \n22           0.078165        0.089430          0.076501           0.223948   \n23           0.076790        0.084232          0.073047           0.222682   \n24           0.076463        0.083833          0.073978           0.224318   \n25           0.073965        0.097464          0.077560           0.206526   \n26           0.064901        0.090784          0.069841           0.194799   \n27           0.068274        0.093966          0.073164           0.200093   \n28           0.068941        0.093757          0.073982           0.201783   \n29           0.072574        0.096151          0.076520           0.202224   \n30           0.063469        0.098682          0.071533           0.183367   \n31           0.059523        0.095379          0.068495           0.179217   \n32           0.061150        0.097347          0.070026           0.185307   \n33           0.066035        0.104037          0.075034           0.188802   \n34           0.067514        0.101921          0.074789           0.192207   \n35           0.046007        0.092584          0.057901           0.153327   \n36           0.048374        0.092562          0.059750           0.149165   \n37           0.046839        0.089553          0.056979           0.152282   \n38           0.043807        0.084010          0.053941           0.146054   \n39           0.045021        0.088607          0.056227           0.149743   \n\n    rouge_L_recall  rouge_L_fmeasure  \n0         0.198500          0.191251  \n1         0.207627          0.199079  \n2         0.204672          0.196848  \n3         0.198879          0.190674  \n4         0.204347          0.194015  \n5         0.216685          0.199036  \n6         0.212932          0.198070  \n7         0.215952          0.199843  \n8         0.215851          0.200190  \n9         0.215816          0.197031  \n10        0.245205          0.213648  \n11        0.244368          0.211513  \n12        0.244910          0.212858  \n13        0.233393          0.203467  \n14        0.234821          0.207275  \n15        0.340094          0.256769  \n16        0.334224          0.256036  \n17        0.342527          0.259075  \n18        0.345989          0.263071  \n19        0.342733          0.260756  \n20        0.249457          0.217045  \n21        0.255009          0.222293  \n22        0.254279          0.221319  \n23        0.247593          0.217609  \n24        0.250194          0.221004  \n25        0.274385          0.220114  \n26        0.264558          0.208848  \n27        0.269195          0.214076  \n28        0.270114          0.216201  \n29        0.273180          0.217067  \n30        0.282486          0.208689  \n31        0.276017          0.203710  \n32        0.284201          0.210243  \n33        0.288734          0.213872  \n34        0.289050          0.216062  \n35        0.284792          0.187640  \n36        0.277326          0.182792  \n37        0.282408          0.185493  \n38        0.268617          0.178330  \n39        0.279100          0.184028  ",
      "text/html": "<div>\n<style scoped>\n    .dataframe tbody tr th:only-of-type {\n        vertical-align: middle;\n    }\n\n    .dataframe tbody tr th {\n        vertical-align: top;\n    }\n\n    .dataframe thead th {\n        text-align: right;\n    }\n</style>\n<table border=\"1\" class=\"dataframe\">\n  <thead>\n    <tr style=\"text-align: right;\">\n      <th></th>\n      <th>run_id</th>\n      <th>rouge_1_precision</th>\n      <th>rouge_1_recall</th>\n      <th>rouge_1_fmeasure</th>\n      <th>rouge_2_precision</th>\n      <th>rouge_2_recall</th>\n      <th>rouge_2_fmeasure</th>\n      <th>rouge_L_precision</th>\n      <th>rouge_L_recall</th>\n      <th>rouge_L_fmeasure</th>\n    </tr>\n  </thead>\n  <tbody>\n    <tr>\n      <th>0</th>\n      <td>0</td>\n      <td>0.241188</td>\n      <td>0.222625</td>\n      <td>0.211505</td>\n      <td>0.083463</td>\n      <td>0.065321</td>\n      <td>0.065947</td>\n      <td>0.221538</td>\n      <td>0.198500</td>\n      <td>0.191251</td>\n    </tr>\n    <tr>\n      <th>1</th>\n      <td>1</td>\n      <td>0.248789</td>\n      <td>0.232814</td>\n      <td>0.220933</td>\n      <td>0.082743</td>\n      <td>0.067984</td>\n      <td>0.067101</td>\n      <td>0.226834</td>\n      <td>0.207627</td>\n      <td>0.199079</td>\n    </tr>\n    <tr>\n      <th>2</th>\n      <td>2</td>\n      <td>0.245563</td>\n      <td>0.229097</td>\n      <td>0.217467</td>\n      <td>0.086155</td>\n      <td>0.071148</td>\n      <td>0.070629</td>\n      <td>0.225602</td>\n      <td>0.204672</td>\n      <td>0.196848</td>\n    </tr>\n    <tr>\n      <th>3</th>\n      <td>3</td>\n      <td>0.236997</td>\n      <td>0.221463</td>\n      <td>0.209818</td>\n      <td>0.079218</td>\n      <td>0.064405</td>\n      <td>0.063896</td>\n      <td>0.218351</td>\n      <td>0.198879</td>\n      <td>0.190674</td>\n    </tr>\n    <tr>\n      <th>4</th>\n      <td>4</td>\n      <td>0.235591</td>\n      <td>0.226575</td>\n      <td>0.212899</td>\n      <td>0.077302</td>\n      <td>0.067387</td>\n      <td>0.065053</td>\n      <td>0.217558</td>\n      <td>0.204347</td>\n      <td>0.194015</td>\n    </tr>\n    <tr>\n      <th>5</th>\n      <td>0</td>\n      <td>0.236490</td>\n      <td>0.241900</td>\n      <td>0.220055</td>\n      <td>0.079688</td>\n      <td>0.072868</td>\n      <td>0.068382</td>\n      <td>0.216344</td>\n      <td>0.216685</td>\n      <td>0.199036</td>\n    </tr>\n    <tr>\n      <th>6</th>\n      <td>1</td>\n      <td>0.232741</td>\n      <td>0.234307</td>\n      <td>0.215534</td>\n      <td>0.084673</td>\n      <td>0.075519</td>\n      <td>0.072397</td>\n      <td>0.216366</td>\n      <td>0.212932</td>\n      <td>0.198070</td>\n    </tr>\n    <tr>\n      <th>7</th>\n      <td>2</td>\n      <td>0.236015</td>\n      <td>0.240379</td>\n      <td>0.219621</td>\n      <td>0.083151</td>\n      <td>0.073539</td>\n      <td>0.070907</td>\n      <td>0.217596</td>\n      <td>0.215952</td>\n      <td>0.199843</td>\n    </tr>\n    <tr>\n      <th>8</th>\n      <td>3</td>\n      <td>0.233789</td>\n      <td>0.239385</td>\n      <td>0.219248</td>\n      <td>0.080178</td>\n      <td>0.075549</td>\n      <td>0.071445</td>\n      <td>0.215973</td>\n      <td>0.215851</td>\n      <td>0.200190</td>\n    </tr>\n    <tr>\n      <th>9</th>\n      <td>4</td>\n      <td>0.228830</td>\n      <td>0.239781</td>\n      <td>0.216145</td>\n      <td>0.078796</td>\n      <td>0.075109</td>\n      <td>0.069845</td>\n      <td>0.211244</td>\n      <td>0.215816</td>\n      <td>0.197031</td>\n    </tr>\n    <tr>\n      <th>10</th>\n      <td>0</td>\n      <td>0.238934</td>\n      <td>0.276884</td>\n      <td>0.238251</td>\n      <td>0.084303</td>\n      <td>0.087646</td>\n      <td>0.078825</td>\n      <td>0.216557</td>\n      <td>0.245205</td>\n      <td>0.213648</td>\n    </tr>\n    <tr>\n      <th>11</th>\n      <td>1</td>\n      <td>0.232939</td>\n      <td>0.272167</td>\n      <td>0.233521</td>\n      <td>0.082469</td>\n      <td>0.090638</td>\n      <td>0.079174</td>\n      <td>0.212997</td>\n      <td>0.244368</td>\n      <td>0.211513</td>\n    </tr>\n    <tr>\n      <th>12</th>\n      <td>2</td>\n      <td>0.237121</td>\n      <td>0.277563</td>\n      <td>0.238438</td>\n      <td>0.077050</td>\n      <td>0.085477</td>\n      <td>0.074753</td>\n      <td>0.213976</td>\n      <td>0.244910</td>\n      <td>0.212858</td>\n    </tr>\n    <tr>\n      <th>13</th>\n      <td>3</td>\n      <td>0.228650</td>\n      <td>0.265489</td>\n      <td>0.228651</td>\n      <td>0.078075</td>\n      <td>0.083331</td>\n      <td>0.074227</td>\n      <td>0.206013</td>\n      <td>0.233393</td>\n      <td>0.203467</td>\n    </tr>\n    <tr>\n      <th>14</th>\n      <td>4</td>\n      <td>0.234084</td>\n      <td>0.265015</td>\n      <td>0.230699</td>\n      <td>0.081794</td>\n      <td>0.083686</td>\n      <td>0.075981</td>\n      <td>0.212975</td>\n      <td>0.234821</td>\n      <td>0.207275</td>\n    </tr>\n    <tr>\n      <th>15</th>\n      <td>0</td>\n      <td>0.276930</td>\n      <td>0.410621</td>\n      <td>0.306696</td>\n      <td>0.094998</td>\n      <td>0.137898</td>\n      <td>0.101572</td>\n      <td>0.234455</td>\n      <td>0.340094</td>\n      <td>0.256769</td>\n    </tr>\n    <tr>\n      <th>16</th>\n      <td>1</td>\n      <td>0.277748</td>\n      <td>0.403402</td>\n      <td>0.305461</td>\n      <td>0.094185</td>\n      <td>0.133566</td>\n      <td>0.101137</td>\n      <td>0.235159</td>\n      <td>0.334224</td>\n      <td>0.256036</td>\n    </tr>\n    <tr>\n      <th>17</th>\n      <td>2</td>\n      <td>0.280048</td>\n      <td>0.412360</td>\n      <td>0.308453</td>\n      <td>0.096242</td>\n      <td>0.138824</td>\n      <td>0.102850</td>\n      <td>0.238271</td>\n      <td>0.342527</td>\n      <td>0.259075</td>\n    </tr>\n    <tr>\n      <th>18</th>\n      <td>3</td>\n      <td>0.280692</td>\n      <td>0.411945</td>\n      <td>0.310871</td>\n      <td>0.098894</td>\n      <td>0.143197</td>\n      <td>0.107025</td>\n      <td>0.239358</td>\n      <td>0.345989</td>\n      <td>0.263071</td>\n    </tr>\n    <tr>\n      <th>19</th>\n      <td>4</td>\n      <td>0.280411</td>\n      <td>0.413258</td>\n      <td>0.310904</td>\n      <td>0.097217</td>\n      <td>0.139527</td>\n      <td>0.104962</td>\n      <td>0.238311</td>\n      <td>0.342733</td>\n      <td>0.260756</td>\n    </tr>\n    <tr>\n      <th>20</th>\n      <td>0</td>\n      <td>0.246259</td>\n      <td>0.286924</td>\n      <td>0.246735</td>\n      <td>0.072565</td>\n      <td>0.082814</td>\n      <td>0.070736</td>\n      <td>0.218836</td>\n      <td>0.249457</td>\n      <td>0.217045</td>\n    </tr>\n    <tr>\n      <th>21</th>\n      <td>1</td>\n      <td>0.254101</td>\n      <td>0.295902</td>\n      <td>0.254687</td>\n      <td>0.082783</td>\n      <td>0.089288</td>\n      <td>0.078749</td>\n      <td>0.224594</td>\n      <td>0.255009</td>\n      <td>0.222293</td>\n    </tr>\n    <tr>\n      <th>22</th>\n      <td>2</td>\n      <td>0.251934</td>\n      <td>0.292268</td>\n      <td>0.251630</td>\n      <td>0.078165</td>\n      <td>0.089430</td>\n      <td>0.076501</td>\n      <td>0.223948</td>\n      <td>0.254279</td>\n      <td>0.221319</td>\n    </tr>\n    <tr>\n      <th>23</th>\n      <td>3</td>\n      <td>0.247903</td>\n      <td>0.281153</td>\n      <td>0.244987</td>\n      <td>0.076790</td>\n      <td>0.084232</td>\n      <td>0.073047</td>\n      <td>0.222682</td>\n      <td>0.247593</td>\n      <td>0.217609</td>\n    </tr>\n    <tr>\n      <th>24</th>\n      <td>4</td>\n      <td>0.253728</td>\n      <td>0.289305</td>\n      <td>0.252765</td>\n      <td>0.076463</td>\n      <td>0.083833</td>\n      <td>0.073978</td>\n      <td>0.224318</td>\n      <td>0.250194</td>\n      <td>0.221004</td>\n    </tr>\n    <tr>\n      <th>25</th>\n      <td>0</td>\n      <td>0.235720</td>\n      <td>0.319267</td>\n      <td>0.253861</td>\n      <td>0.073965</td>\n      <td>0.097464</td>\n      <td>0.077560</td>\n      <td>0.206526</td>\n      <td>0.274385</td>\n      <td>0.220114</td>\n    </tr>\n    <tr>\n      <th>26</th>\n      <td>1</td>\n      <td>0.223928</td>\n      <td>0.309401</td>\n      <td>0.242074</td>\n      <td>0.064901</td>\n      <td>0.090784</td>\n      <td>0.069841</td>\n      <td>0.194799</td>\n      <td>0.264558</td>\n      <td>0.208848</td>\n    </tr>\n    <tr>\n      <th>27</th>\n      <td>2</td>\n      <td>0.227933</td>\n      <td>0.313569</td>\n      <td>0.246681</td>\n      <td>0.068274</td>\n      <td>0.093966</td>\n      <td>0.073164</td>\n      <td>0.200093</td>\n      <td>0.269195</td>\n      <td>0.214076</td>\n    </tr>\n    <tr>\n      <th>28</th>\n      <td>3</td>\n      <td>0.230938</td>\n      <td>0.315265</td>\n      <td>0.249775</td>\n      <td>0.068941</td>\n      <td>0.093757</td>\n      <td>0.073982</td>\n      <td>0.201783</td>\n      <td>0.270114</td>\n      <td>0.216201</td>\n    </tr>\n    <tr>\n      <th>29</th>\n      <td>4</td>\n      <td>0.233539</td>\n      <td>0.321322</td>\n      <td>0.252998</td>\n      <td>0.072574</td>\n      <td>0.096151</td>\n      <td>0.076520</td>\n      <td>0.202224</td>\n      <td>0.273180</td>\n      <td>0.217067</td>\n    </tr>\n    <tr>\n      <th>30</th>\n      <td>0</td>\n      <td>0.213259</td>\n      <td>0.333078</td>\n      <td>0.244458</td>\n      <td>0.063469</td>\n      <td>0.098682</td>\n      <td>0.071533</td>\n      <td>0.183367</td>\n      <td>0.282486</td>\n      <td>0.208689</td>\n    </tr>\n    <tr>\n      <th>31</th>\n      <td>1</td>\n      <td>0.209140</td>\n      <td>0.325649</td>\n      <td>0.239136</td>\n      <td>0.059523</td>\n      <td>0.095379</td>\n      <td>0.068495</td>\n      <td>0.179217</td>\n      <td>0.276017</td>\n      <td>0.203710</td>\n    </tr>\n    <tr>\n      <th>32</th>\n      <td>2</td>\n      <td>0.215811</td>\n      <td>0.333980</td>\n      <td>0.245912</td>\n      <td>0.061150</td>\n      <td>0.097347</td>\n      <td>0.070026</td>\n      <td>0.185307</td>\n      <td>0.284201</td>\n      <td>0.210243</td>\n    </tr>\n    <tr>\n      <th>33</th>\n      <td>3</td>\n      <td>0.219396</td>\n      <td>0.339586</td>\n      <td>0.250128</td>\n      <td>0.066035</td>\n      <td>0.104037</td>\n      <td>0.075034</td>\n      <td>0.188802</td>\n      <td>0.288734</td>\n      <td>0.213872</td>\n    </tr>\n    <tr>\n      <th>34</th>\n      <td>4</td>\n      <td>0.222453</td>\n      <td>0.340189</td>\n      <td>0.252077</td>\n      <td>0.067514</td>\n      <td>0.101921</td>\n      <td>0.074789</td>\n      <td>0.192207</td>\n      <td>0.289050</td>\n      <td>0.216062</td>\n    </tr>\n    <tr>\n      <th>35</th>\n      <td>0</td>\n      <td>0.178518</td>\n      <td>0.332754</td>\n      <td>0.218909</td>\n      <td>0.046007</td>\n      <td>0.092584</td>\n      <td>0.057901</td>\n      <td>0.153327</td>\n      <td>0.284792</td>\n      <td>0.187640</td>\n    </tr>\n    <tr>\n      <th>36</th>\n      <td>1</td>\n      <td>0.173666</td>\n      <td>0.326056</td>\n      <td>0.213719</td>\n      <td>0.048374</td>\n      <td>0.092562</td>\n      <td>0.059750</td>\n      <td>0.149165</td>\n      <td>0.277326</td>\n      <td>0.182792</td>\n    </tr>\n    <tr>\n      <th>37</th>\n      <td>2</td>\n      <td>0.176983</td>\n      <td>0.331910</td>\n      <td>0.216641</td>\n      <td>0.046839</td>\n      <td>0.089553</td>\n      <td>0.056979</td>\n      <td>0.152282</td>\n      <td>0.282408</td>\n      <td>0.185493</td>\n    </tr>\n    <tr>\n      <th>38</th>\n      <td>3</td>\n      <td>0.170631</td>\n      <td>0.316088</td>\n      <td>0.209103</td>\n      <td>0.043807</td>\n      <td>0.084010</td>\n      <td>0.053941</td>\n      <td>0.146054</td>\n      <td>0.268617</td>\n      <td>0.178330</td>\n    </tr>\n    <tr>\n      <th>39</th>\n      <td>4</td>\n      <td>0.175261</td>\n      <td>0.330738</td>\n      <td>0.216730</td>\n      <td>0.045021</td>\n      <td>0.088607</td>\n      <td>0.056227</td>\n      <td>0.149743</td>\n      <td>0.279100</td>\n      <td>0.184028</td>\n    </tr>\n  </tbody>\n</table>\n</div>"
     },
     "execution_count": 3,
     "metadata": {},
     "output_type": "execute_result"
    }
   ],
   "source": [
    "# read the summaries of T5 experiments\n",
    "result_df = pd.read_csv('archive/wandb_export_2023-05-20T13 51 32.415+08 00.csv')\n",
    "result_df"
   ],
   "metadata": {
    "collapsed": false
   }
  },
  {
   "cell_type": "code",
   "execution_count": 4,
   "outputs": [
    {
     "data": {
      "text/plain": "    run_id  rouge_1_precision  rouge_1_recall  rouge_1_fmeasure  \\\n39       4           0.175261        0.330738          0.216730   \n38       3           0.170631        0.316088          0.209103   \n37       2           0.176983        0.331910          0.216641   \n36       1           0.173666        0.326056          0.213719   \n35       0           0.178518        0.332754          0.218909   \n34       4           0.222453        0.340189          0.252077   \n33       3           0.219396        0.339586          0.250128   \n32       2           0.215811        0.333980          0.245912   \n31       1           0.209140        0.325649          0.239136   \n30       0           0.213259        0.333078          0.244458   \n29       4           0.233539        0.321322          0.252998   \n28       3           0.230938        0.315265          0.249775   \n27       2           0.227933        0.313569          0.246681   \n26       1           0.223928        0.309401          0.242074   \n25       0           0.235720        0.319267          0.253861   \n24       4           0.253728        0.289305          0.252765   \n23       3           0.247903        0.281153          0.244987   \n22       2           0.251934        0.292268          0.251630   \n21       1           0.254101        0.295902          0.254687   \n20       0           0.246259        0.286924          0.246735   \n19       4           0.280411        0.413258          0.310904   \n18       3           0.280692        0.411945          0.310871   \n17       2           0.280048        0.412360          0.308453   \n16       1           0.277748        0.403402          0.305461   \n15       0           0.276930        0.410621          0.306696   \n14       4           0.234084        0.265015          0.230699   \n13       3           0.228650        0.265489          0.228651   \n12       2           0.237121        0.277563          0.238438   \n11       1           0.232939        0.272167          0.233521   \n10       0           0.238934        0.276884          0.238251   \n9        4           0.228830        0.239781          0.216145   \n8        3           0.233789        0.239385          0.219248   \n7        2           0.236015        0.240379          0.219621   \n6        1           0.232741        0.234307          0.215534   \n5        0           0.236490        0.241900          0.220055   \n4        4           0.235591        0.226575          0.212899   \n3        3           0.236997        0.221463          0.209818   \n2        2           0.245563        0.229097          0.217467   \n1        1           0.248789        0.232814          0.220933   \n0        0           0.241188        0.222625          0.211505   \n\n    rouge_2_precision  rouge_2_recall  rouge_2_fmeasure  rouge_L_precision  \\\n39           0.045021        0.088607          0.056227           0.149743   \n38           0.043807        0.084010          0.053941           0.146054   \n37           0.046839        0.089553          0.056979           0.152282   \n36           0.048374        0.092562          0.059750           0.149165   \n35           0.046007        0.092584          0.057901           0.153327   \n34           0.067514        0.101921          0.074789           0.192207   \n33           0.066035        0.104037          0.075034           0.188802   \n32           0.061150        0.097347          0.070026           0.185307   \n31           0.059523        0.095379          0.068495           0.179217   \n30           0.063469        0.098682          0.071533           0.183367   \n29           0.072574        0.096151          0.076520           0.202224   \n28           0.068941        0.093757          0.073982           0.201783   \n27           0.068274        0.093966          0.073164           0.200093   \n26           0.064901        0.090784          0.069841           0.194799   \n25           0.073965        0.097464          0.077560           0.206526   \n24           0.076463        0.083833          0.073978           0.224318   \n23           0.076790        0.084232          0.073047           0.222682   \n22           0.078165        0.089430          0.076501           0.223948   \n21           0.082783        0.089288          0.078749           0.224594   \n20           0.072565        0.082814          0.070736           0.218836   \n19           0.097217        0.139527          0.104962           0.238311   \n18           0.098894        0.143197          0.107025           0.239358   \n17           0.096242        0.138824          0.102850           0.238271   \n16           0.094185        0.133566          0.101137           0.235159   \n15           0.094998        0.137898          0.101572           0.234455   \n14           0.081794        0.083686          0.075981           0.212975   \n13           0.078075        0.083331          0.074227           0.206013   \n12           0.077050        0.085477          0.074753           0.213976   \n11           0.082469        0.090638          0.079174           0.212997   \n10           0.084303        0.087646          0.078825           0.216557   \n9            0.078796        0.075109          0.069845           0.211244   \n8            0.080178        0.075549          0.071445           0.215973   \n7            0.083151        0.073539          0.070907           0.217596   \n6            0.084673        0.075519          0.072397           0.216366   \n5            0.079688        0.072868          0.068382           0.216344   \n4            0.077302        0.067387          0.065053           0.217558   \n3            0.079218        0.064405          0.063896           0.218351   \n2            0.086155        0.071148          0.070629           0.225602   \n1            0.082743        0.067984          0.067101           0.226834   \n0            0.083463        0.065321          0.065947           0.221538   \n\n    rouge_L_recall  rouge_L_fmeasure        run_name  \n39        0.279100          0.184028   mt5-xl-1-shot  \n38        0.268617          0.178330   mt5-xl-1-shot  \n37        0.282408          0.185493   mt5-xl-1-shot  \n36        0.277326          0.182792   mt5-xl-1-shot  \n35        0.284792          0.187640   mt5-xl-1-shot  \n34        0.289050          0.216062   mt5-xl-2-shot  \n33        0.288734          0.213872   mt5-xl-2-shot  \n32        0.284201          0.210243   mt5-xl-2-shot  \n31        0.276017          0.203710   mt5-xl-2-shot  \n30        0.282486          0.208689   mt5-xl-2-shot  \n29        0.273180          0.217067   mt5-xl-3-shot  \n28        0.270114          0.216201   mt5-xl-3-shot  \n27        0.269195          0.214076   mt5-xl-3-shot  \n26        0.264558          0.208848   mt5-xl-3-shot  \n25        0.274385          0.220114   mt5-xl-3-shot  \n24        0.250194          0.221004   mt5-xl-5-shot  \n23        0.247593          0.217609   mt5-xl-5-shot  \n22        0.254279          0.221319   mt5-xl-5-shot  \n21        0.255009          0.222293   mt5-xl-5-shot  \n20        0.249457          0.217045   mt5-xl-5-shot  \n19        0.342733          0.260756  mt5-xxl-1-shot  \n18        0.345989          0.263071  mt5-xxl-1-shot  \n17        0.342527          0.259075  mt5-xxl-1-shot  \n16        0.334224          0.256036  mt5-xxl-1-shot  \n15        0.340094          0.256769  mt5-xxl-1-shot  \n14        0.234821          0.207275  mt5-xxl-2-shot  \n13        0.233393          0.203467  mt5-xxl-2-shot  \n12        0.244910          0.212858  mt5-xxl-2-shot  \n11        0.244368          0.211513  mt5-xxl-2-shot  \n10        0.245205          0.213648  mt5-xxl-2-shot  \n9         0.215816          0.197031  mt5-xxl-3-shot  \n8         0.215851          0.200190  mt5-xxl-3-shot  \n7         0.215952          0.199843  mt5-xxl-3-shot  \n6         0.212932          0.198070  mt5-xxl-3-shot  \n5         0.216685          0.199036  mt5-xxl-3-shot  \n4         0.204347          0.194015  mt5-xxl-5-shot  \n3         0.198879          0.190674  mt5-xxl-5-shot  \n2         0.204672          0.196848  mt5-xxl-5-shot  \n1         0.207627          0.199079  mt5-xxl-5-shot  \n0         0.198500          0.191251  mt5-xxl-5-shot  ",
